beta,avg_energy,avg_magnetization
0.05,-9.924,8.288
0.1,-20.152,9.012
0.15,-29.424,9.427
0.2,-39.184,9.77
0.25,-47.956,10.134
0.3,-58,10.732
0.35,-67.888,11.529
0.4,-76.092,12.021
0.45,-83.856,12.617
0.5,-92.252,12.918
0.55,-100.208,13.715
0.6,-107.316,14.514
0.65,-114.376,15.444
0.7,-121,16.265
0.75,-127.016,16.913
0.8,-132.884,17.612
0.85,-138.416,18.434
0.9,-143.068,19.777
0.95,-148,20.635
1,-152.252,22.117
1.05,-156.56,23.264
1.1,-159.684,23.875
1.15,-164.156,25.76
1.2,-166.672,26.471
1.25,-169.46,27.781
1.3,-172.312,29.533
1.35,-174.868,30.792
1.4,-176.904,32.79
1.45,-179.2,34.731
1.5,-180.852,35.18
1.55,-182.612,37.026
1.6,-183.756,37.804
1.65,-184.968,39.1
1.7,-185.852,39.609
1.75,-186.744,40.782
1.8,-187.556,42.304
1.85,-188.256,43.64
1.9,-188.764,42.459
1.95,-189.22,42.368
2,-189.748,43.277
2.05,-189.852,43.841
2.1,-190.292,43.304
2.15,-190.18,44.074
2.2,-190.292,43.125
2.25,-190.66,43.08
2.3,-190.836,45.6
2.35,-190.956,45.887
2.4,-191.088,44.694
2.45,-191.428,46.59
2.5,-191.188,44.871
